Datetime,Water Level (m)
2025-07-25 18:00:00,1.383208
2025-07-25 19:00:00,1.4523262
2025-07-25 20:00:00,1.3022386
2025-07-25 21:00:00,0.9808001
2025-07-25 22:00:00,0.68734866
2025-07-25 23:00:00,0.4364586
2025-07-26 00:00:00,0.21204111
2025-07-26 01:00:00,0.024457967
2025-07-26 02:00:00,-0.08818316
2025-07-26 03:00:00,0.26726657
2025-07-26 04:00:00,0.8144928
2025-07-26 05:00:00,1.277486
2025-07-26 06:00:00,1.6046442
2025-07-26 07:00:00,1.7543542
2025-07-26 08:00:00,1.6739541
2025-07-26 09:00:00,1.3236847
2025-07-26 10:00:00,1.0098151
2025-07-26 11:00:00,0.7351304
2025-07-26 12:00:00,0.48067018
2025-07-26 13:00:00,0.25359696
2025-07-26 14:00:00,0.079322
2025-07-26 15:00:00,0.04043514
2025-07-26 16:00:00,0.5053201
2025-07-26 17:00:00,0.92743826
2025-07-26 18:00:00,1.2558308
2025-07-26 19:00:00,1.4641162
2025-07-26 20:00:00,1.4653975
2025-07-26 21:00:00,1.2100054
2025-07-26 22:00:00,0.89269054
2025-07-26 23:00:00,0.6176284
2025-07-27 00:00:00,0.37066057
2025-07-27 01:00:00,0.15651178
2025-07-27 02:00:00,-0.01023711
2025-07-27 03:00:00,0.011175806
2025-07-27 04:00:00,0.47479698
2025-07-27 05:00:00,0.9119166
2025-07-27 06:00:00,1.2853138
2025-07-27 07:00:00,1.5624901
2025-07-27 08:00:00,1.6606346
2025-07-27 09:00:00,1.5054063
2025-07-27 10:00:00,1.1464614
2025-07-27 11:00:00,0.8435138
2025-07-27 12:00:00,0.5786274
2025-07-27 13:00:00,0.33385175
2025-07-27 14:00:00,0.12996767
2025-07-27 15:00:00,-0.009893176
2025-07-27 16:00:00,0.18021353
2025-07-27 17:00:00,0.6653401
2025-07-27 18:00:00,1.0335182
2025-07-27 19:00:00,1.2919463
2025-07-27 20:00:00,1.3988519
2025-07-27 21:00:00,1.290867
2025-07-27 22:00:00,0.9934939
2025-07-27 23:00:00,0.7153657
2025-07-28 00:00:00,0.4662394
2025-07-28 01:00:00,0.24048722
2025-07-28 02:00:00,0.04667334
2025-07-28 03:00:00,-0.083200455
2025-07-28 04:00:00,0.08814704
2025-07-28 05:00:00,0.59910864
2025-07-28 06:00:00,1.0289034
2025-07-28 07:00:00,1.3629458
2025-07-28 08:00:00,1.5486343
2025-07-28 09:00:00,1.5166186
2025-07-28 10:00:00,1.2339221
2025-07-28 11:00:00,0.92280954
2025-07-28 12:00:00,0.65552205
2025-07-28 13:00:00,0.4128447
2025-07-28 14:00:00,0.19631651
2025-07-28 15:00:00,0.02266252
2025-07-28 16:00:00,-0.041670833
2025-07-28 17:00:00,0.34759125
2025-07-28 18:00:00,0.78126293
2025-07-28 19:00:00,1.109834
2025-07-28 20:00:00,1.3268387
2025-07-28 21:00:00,1.3588908
2025-07-28 22:00:00,1.1594954
2025-07-28 23:00:00,0.86792415
2025-07-29 00:00:00,0.6107041
2025-07-29 01:00:00,0.37958807
2025-07-29 02:00:00,0.1733868
2025-07-29 03:00:00,0.016280307
2025-07-29 04:00:00,-0.0006196059
2025-07-29 05:00:00,0.4300222
2025-07-29 06:00:00,0.8698417
2025-07-29 07:00:00,1.2475836
2025-07-29 08:00:00,1.4964759
2025-07-29 09:00:00,1.5651199
2025-07-29 10:00:00,1.3934772
2025-07-29 11:00:00,1.0731374
2025-07-29 12:00:00,0.7954394
2025-07-29 13:00:00,0.5497432
2025-07-29 14:00:00,0.3246603
2025-07-29 15:00:00,0.13643622
2025-07-29 16:00:00,0.009372166
2025-07-29 17:00:00,0.13367946
2025-07-29 18:00:00,0.60148805
2025-07-29 19:00:00,0.96619755
2025-07-29 20:00:00,1.2312765
2025-07-29 21:00:00,1.3553287
2025-07-29 22:00:00,1.2838138
2025-07-29 23:00:00,1.0246096
2025-07-30 00:00:00,0.76589584
2025-07-30 01:00:00,0.5366061
2025-07-30 02:00:00,0.3264586
2025-07-30 03:00:00,0.14594343
2025-07-30 04:00:00,0.032944657
2025-07-30 05:00:00,0.14588954
2025-07-30 06:00:00,0.5985285
2025-07-30 07:00:00,0.97797805
2025-07-30 08:00:00,1.2586529
2025-07-30 09:00:00,1.4062924
2025-07-30 10:00:00,1.3659141
2025-07-30 11:00:00,1.1142387
2025-07-30 12:00:00,0.84728146
2025-07-30 13:00:00,0.60894793
2025-07-30 14:00:00,0.38968134
2025-07-30 15:00:00,0.1936593
2025-07-30 16:00:00,0.04690251
2025-07-30 17:00:00,0.015808312
2025-07-30 18:00:00,0.35867164
2025-07-30 19:00:00,0.73290354
2025-07-30 20:00:00,1.0264695
2025-07-30 21:00:00,1.2134699
2025-07-30 22:00:00,1.2568052
2025-07-30 23:00:00,1.1213146
2025-07-31 00:00:00,0.8676453
2025-07-31 01:00:00,0.635597
2025-07-31 02:00:00,0.42852306
2025-07-31 03:00:00,0.24458914
2025-07-31 04:00:00,0.10504507
2025-07-31 05:00:00,0.075678244
2025-07-31 06:00:00,0.3736438
2025-07-31 07:00:00,0.74470145
2025-07-31 08:00:00,1.0348247
2025-07-31 09:00:00,1.2196189
2025-07-31 10:00:00,1.261452
2025-07-31 11:00:00,1.1164018
2025-07-31 12:00:00,0.8646201
2025-07-31 13:00:00,0.63508594
2025-07-31 14:00:00,0.42767024
2025-07-31 15:00:00,0.23941198
2025-07-31 16:00:00,0.09008866
2025-07-31 17:00:00,0.008789426
2025-07-31 18:00:00,0.13625555
